3 22.268 1 0.489

1 17.079 1 9.032

4 1.870 1 0.618

2 7.205 1 1.880

6 12.378 1 5.560

19 7.873 1 4.975

11 7.552 1 7.009

106 1.874 1 0.340

323 0.592 1 0.312

120 1.569 1 1.128

21 1.060 1 0.240

8 2.863 1 0.229

6 3.815 1 0.767

4 15.957 1 8.082

4 13.054 1 8.287

1 12.915

22 4.591 1 1.943

2 27.085 1 19.991

22 8.616 1 3.846

5 3.652 1 1.502

28 5.614 1 1.747

21 7.549 1 6.959

21 6.786 1 5.784

14 7.709 1 3.691

1 10.550 1 1.287

22 2.978 1 0.557

15 6.635 1 3.284

28 5.124 1 4.690

10 5.134 1 4.237

49 1.967 1 1.361

2 14.565 1 5.034

17 9.038 1 3.861

6 2.831 1 0.898

3 9.406 1 5.578

5 3.806 1 2.680

6 13.066 1 1.965

35 4.044 1 1.988

21 5.145 1 0.618

4 8.843 1 1.295

40 4.911 1 2.225

3 12.744 1 6.430

1 5.114

1 5.116

6 2.122 1 0.708

465 0.338 1 0.228

6 18.970 1 3.669

2 25.633 1 15.636

318 0.538 1 0.083

10 9.026 1 4.127

8 2.012 1 1.403

11 15.424 1 11.992

6 15.581 1 12.291

8 10.189 1 0.268

1 12.320

133 0.522 1 0.507

41 3.961 1 2.048

14 11.321 1 6.876

9 11.435 1 5.821

11 1.943 1 1.633

72 2.764 1 0.834

8 7.217 1 0.853

23 7.837 1 0.558

13 12.999 1 9.716

33 2.419 1 1.097

9 19.238 1 3.569

69 1.920 1 0.358

15 12.687 1 3.436

14 11.674 1 4.776

47 3.539 1 0.218

7 10.416 1 4.075

4 7.201 1 3.138

48 2.606 1 0.689

6 7.566 1 4.882

2 38.224 1 22.768

1 4.906

1 12.253 1 11.008

98 0.447 1 0.446

13 6.205 1 5.016

8 9.266 1 4.080

1 6.287

22 4.114 1 1.776

25 7.492 1 2.575

43 3.534 1 3.148

2 27.671 1 6.326

5 24.995 1 16.384

1 2.596 1 1.283

8 8.409 1 2.240

21 8.036 1 4.949

12 10.689 1 3.244

5 8.085 1 5.254

71 0.420 1 0.268

51 2.142 1 1.711

64 1.336 1 0.552

42 3.488 1 1.054

60 2.555 1 1.009

209 0.872 1 0.458

21 4.699 1 0.483

6 10.095 1 3.047

4 10.417 1 4.346

26 6.408 1 5.006
