45.026 37.271 10.000

9.032 46.000 16.061

6.226 46.000 10.602

9.085 46.000 29.142

67.449 35.000 29.659

146.693 35.000 32.462

82.528 46.000 29.690

197.135 46.000 42.536

190.806 35.000 21.075

187.784 35.000 47.102

21.449 46.000 26.835

20.273 46.000 46.656

19.841 46.000 18.665

55.954 46.000 23.388

47.449 39.880 49.000

Pomul ramane in livada!

98.363 35.000 35.949

47.075 46.000 41.872

184.787 46.000 34.805

16.111 35.000 29.845

153.317 35.000 27.099

157.936 35.000 19.865

141.511 35.000 33.873

103.909 35.000 33.737

1.287 35.000 36.730

63.105 35.000 25.743

96.168 46.000 14.325

143.032 38.241 49.000

50.438 46.000 29.432

95.783 46.000 27.892

19.600 35.326 10.000

148.468 35.000 41.075

15.056 46.000 45.088

24.389 39.802 10.000

17.905 46.000 25.766

67.294 46.000 34.072

139.484 35.000 10.158

103.516 46.000 18.826

27.823 46.000 21.089

193.737 35.000 15.144

31.918 46.000 12.845

Pomul ramane in livada!

Pomul ramane in livada!

11.318 35.000 22.017

156.830 46.000 42.878

98.522 35.000 15.780

41.270 41.788 10.000

170.709 37.290 49.000

85.361 46.000 25.476

15.487 43.368 49.000

166.236 38.682 10.000

90.194 41.113 10.000

71.593 35.000 43.577

Pomul ramane in livada!

69.450 46.000 25.768

160.506 35.000 24.604

154.053 35.000 30.350

97.301 46.000 42.910

21.066 35.000 13.887

197.074 46.000 34.583

51.374 35.000 33.468

172.973 35.000 24.381

165.702 46.000 40.698

78.521 46.000 18.186

157.474 45.431 10.000

130.896 35.000 11.757

181.054 35.000 21.617

156.533 35.000 10.063

163.008 46.000 41.483

66.573 46.000 30.603

24.742 46.000 36.678

123.167 35.000 22.088

42.711 42.768 10.000

60.993 45.283 49.000

Pomul ramane in livada!

11.008 40.128 49.000

43.832 35.000 26.481

79.474 35.000 27.848

68.942 35.000 41.154

Pomul ramane in livada!

88.161 35.000 29.853

182.374 46.000 38.396

151.565 40.436 49.000

33.996 35.000 18.492

116.365 45.039 10.000

1.283 43.852 10.000

61.103 36.327 10.000

165.661 35.000 30.852

120.828 35.000 28.173

37.593 45.518 10.000

29.660 35.000 22.382

108.797 46.000 12.901

84.702 35.000 30.893

144.075 36.217 10.000

151.757 35.000 34.785

181.765 36.019 49.000

94.458 46.000 25.280

53.520 35.000 25.495

35.597 35.552 10.000

165.219 46.000 40.733
