45.026 37.271 10.000
3 22.268 1 0.489

9.032 46.000 16.061
1 17.079 1 9.032

6.226 46.000 10.602
4 1.870 1 0.618

9.085 46.000 29.142
2 7.205 1 1.880

67.449 35.000 29.659
6 12.378 1 5.560

146.693 35.000 32.462
19 7.873 1 4.975

82.528 46.000 29.690
11 7.552 1 7.009

197.135 46.000 42.536
106 1.874 1 0.340

190.806 35.000 21.075
323 0.592 1 0.312

187.784 35.000 47.102
120 1.569 1 1.128

21.449 46.000 26.835
21 1.060 1 0.240

20.273 46.000 46.656
8 2.863 1 0.229

19.841 46.000 18.665
6 3.815 1 0.767

55.954 46.000 23.388
4 15.957 1 8.082

47.449 39.880 49.000
4 13.054 1 8.287

Pomul ramane in livada!
1 12.915

98.363 35.000 35.949
22 4.591 1 1.943

47.075 46.000 41.872
2 27.085 1 19.991

184.787 46.000 34.805
22 8.616 1 3.846

16.111 35.000 29.845
5 3.652 1 1.502

153.317 35.000 27.099
28 5.614 1 1.747

157.936 35.000 19.865
21 7.549 1 6.959

141.511 35.000 33.873
21 6.786 1 5.784

103.909 35.000 33.737
14 7.709 1 3.691

1.287 35.000 36.730
1 10.550 1 1.287

63.105 35.000 25.743
22 2.978 1 0.557

96.168 46.000 14.325
15 6.635 1 3.284

143.032 38.241 49.000
28 5.124 1 4.690

50.438 46.000 29.432
10 5.134 1 4.237

95.783 46.000 27.892
49 1.967 1 1.361

19.600 35.326 10.000
2 14.565 1 5.034

148.468 35.000 41.075
17 9.038 1 3.861

15.056 46.000 45.088
6 2.831 1 0.898

24.389 39.802 10.000
3 9.406 1 5.578

17.905 46.000 25.766
5 3.806 1 2.680

67.294 46.000 34.072
6 13.066 1 1.965

139.484 35.000 10.158
35 4.044 1 1.988

103.516 46.000 18.826
21 5.145 1 0.618

27.823 46.000 21.089
4 8.843 1 1.295

193.737 35.000 15.144
40 4.911 1 2.225

31.918 46.000 12.845
3 12.744 1 6.430

Pomul ramane in livada!
1 5.114

Pomul ramane in livada!
1 5.116

11.318 35.000 22.017
6 2.122 1 0.708

156.830 46.000 42.878
465 0.338 1 0.228

98.522 35.000 15.780
6 18.970 1 3.669

41.270 41.788 10.000
2 25.633 1 15.636

170.709 37.290 49.000
318 0.538 1 0.083

85.361 46.000 25.476
10 9.026 1 4.127

15.487 43.368 49.000
8 2.012 1 1.403

166.236 38.682 10.000
11 15.424 1 11.992

90.194 41.113 10.000
6 15.581 1 12.291

71.593 35.000 43.577
8 10.189 1 0.268

Pomul ramane in livada!
1 12.320

69.450 46.000 25.768
133 0.522 1 0.507

160.506 35.000 24.604
41 3.961 1 2.048

154.053 35.000 30.350
14 11.321 1 6.876

97.301 46.000 42.910
9 11.435 1 5.821

21.066 35.000 13.887
11 1.943 1 1.633

197.074 46.000 34.583
72 2.764 1 0.834

51.374 35.000 33.468
8 7.217 1 0.853

172.973 35.000 24.381
23 7.837 1 0.558

165.702 46.000 40.698
13 12.999 1 9.716

78.521 46.000 18.186
33 2.419 1 1.097

157.474 45.431 10.000
9 19.238 1 3.569

130.896 35.000 11.757
69 1.920 1 0.358

181.054 35.000 21.617
15 12.687 1 3.436

156.533 35.000 10.063
14 11.674 1 4.776

163.008 46.000 41.483
47 3.539 1 0.218

66.573 46.000 30.603
7 10.416 1 4.075

24.742 46.000 36.678
4 7.201 1 3.138

123.167 35.000 22.088
48 2.606 1 0.689

42.711 42.768 10.000
6 7.566 1 4.882

60.993 45.283 49.000
2 38.224 1 22.768

Pomul ramane in livada!
1 4.906

11.008 40.128 49.000
1 12.253 1 11.008

43.832 35.000 26.481
98 0.447 1 0.446

79.474 35.000 27.848
13 6.205 1 5.016

68.942 35.000 41.154
8 9.266 1 4.080

Pomul ramane in livada!
1 6.287

88.161 35.000 29.853
22 4.114 1 1.776

182.374 46.000 38.396
25 7.492 1 2.575

151.565 40.436 49.000
43 3.534 1 3.148

33.996 35.000 18.492
2 27.671 1 6.326

116.365 45.039 10.000
5 24.995 1 16.384

1.283 43.852 10.000
1 2.596 1 1.283

61.103 36.327 10.000
8 8.409 1 2.240

165.661 35.000 30.852
21 8.036 1 4.949

120.828 35.000 28.173
12 10.689 1 3.244

37.593 45.518 10.000
5 8.085 1 5.254

29.660 35.000 22.382
71 0.420 1 0.268

108.797 46.000 12.901
51 2.142 1 1.711

84.702 35.000 30.893
64 1.336 1 0.552

144.075 36.217 10.000
42 3.488 1 1.054

151.757 35.000 34.785
60 2.555 1 1.009

181.765 36.019 49.000
209 0.872 1 0.458

94.458 46.000 25.280
21 4.699 1 0.483

53.520 35.000 25.495
6 10.095 1 3.047

35.597 35.552 10.000
4 10.417 1 4.346

165.219 46.000 40.733
26 6.408 1 5.006
