25 2.660 1 0.794
45.026 37.271 10.000
3 22.268 1 0.489

9 2.720 1 1.631
9.032 46.000 16.061
1 17.079 1 9.032

6 1.322 1 0.164
6.226 46.000 10.602
4 1.870 1 0.618

3 4.418 1 3.036
9.085 46.000 29.142
2 7.205 1 1.880

52 1.518 1 0.891
67.449 35.000 29.659
6 12.378 1 5.560

30 5.058 1 2.826
146.693 35.000 32.462
19 7.873 1 4.975

21 4.101 1 3.959
82.528 46.000 29.690
11 7.552 1 7.009

107 1.856 1 0.417
197.135 46.000 42.536
106 1.874 1 0.340

1556 0.123 1 0.010
190.806 35.000 21.075
323 0.592 1 0.312

126 1.500 1 0.353
187.784 35.000 47.102
120 1.569 1 1.128

22 0.990 1 0.729
21.449 46.000 26.835
21 1.060 1 0.240

107 0.216 1 0.024
20.273 46.000 46.656
8 2.863 1 0.229

8 2.650 1 2.456
19.841 46.000 18.665
6 3.815 1 0.767

14382 0.005 1 0.001
55.954 46.000 23.388
4 15.957 1 8.082

41 1.442 1 1.381
47.449 39.880 49.000
4 13.054 1 8.287

3 3.456 1 2.547
Pomul ramane in livada!
1 12.915

161 0.639 1 0.075
98.363 35.000 35.949
22 4.591 1 1.943

18 3.990 1 2.340
47.075 46.000 41.872
2 27.085 1 19.991

79 2.448 1 0.011
184.787 46.000 34.805
22 8.616 1 3.846

10 1.881 1 0.953
16.111 35.000 29.845
5 3.652 1 1.502

82 1.920 1 1.491
153.317 35.000 27.099
28 5.614 1 1.747

43 3.781 1 2.902
157.936 35.000 19.865
21 7.549 1 6.959

60 2.432 1 2.377
141.511 35.000 33.873
21 6.786 1 5.784

34 3.258 1 0.846
103.909 35.000 33.737
14 7.709 1 3.691

3 3.133 1 2.438
1.287 35.000 36.730
1 10.550 1 1.287

22 2.978 1 0.567
63.105 35.000 25.743
22 2.978 1 0.557

84 1.210 1 1.163
96.168 46.000 14.325
15 6.635 1 3.284

47 3.152 1 0.012
143.032 38.241 49.000
28 5.124 1 4.690

26 2.088 1 1.284
50.438 46.000 29.432
10 5.134 1 4.237

88 1.100 1 0.950
95.783 46.000 27.892
49 1.967 1 1.361

7 4.585 1 2.070
19.600 35.326 10.000
2 14.565 1 5.034

69 2.270 1 0.876
148.468 35.000 41.075
17 9.038 1 3.861

8 2.169 1 0.535
15.056 46.000 45.088
6 2.831 1 0.898

11 3.007 1 0.718
24.389 39.802 10.000
3 9.406 1 5.578

8 2.644 1 0.559
17.905 46.000 25.766
5 3.806 1 2.680

33 2.428 1 0.236
67.294 46.000 34.072
6 13.066 1 1.965

49 2.909 1 0.987
139.484 35.000 10.158
35 4.044 1 1.988

29 3.638 1 3.159
103.516 46.000 18.826
21 5.145 1 0.618

7 4.686 1 3.864
27.823 46.000 21.089
4 8.843 1 1.295

53 3.708 1 2.124
193.737 35.000 15.144
40 4.911 1 2.225

11 3.726 1 3.676
31.918 46.000 12.845
3 12.744 1 6.430

2 1.897 1 1.320
Pomul ramane in livada!
1 5.114

1 3.184 1 1.932
Pomul ramane in livada!
1 5.116

9 1.364 1 1.164
11.318 35.000 22.017
6 2.122 1 0.708

527 0.298 1 0.122
156.830 46.000 42.878
465 0.338 1 0.228

987 0.119 1 0.039
98.522 35.000 15.780
6 18.970 1 3.669

13 5.000 1 1.903
41.270 41.788 10.000
2 25.633 1 15.636

428 0.400 1 0.047
170.709 37.290 49.000
318 0.538 1 0.083

19 4.730 1 4.517
85.361 46.000 25.476
10 9.026 1 4.127

8 2.012 1 1.403
15.487 43.368 49.000
8 2.012 1 1.403

43 4.220 1 0.200
166.236 38.682 10.000
11 15.424 1 11.992

38 2.719 1 2.453
90.194 41.113 10.000
6 15.581 1 12.291

85 0.956 1 0.522
71.593 35.000 43.577
8 10.189 1 0.268

2 4.519 1 3.282
Pomul ramane in livada!
1 12.320

161 0.433 1 0.259
69.450 46.000 25.768
133 0.522 1 0.507

41 3.956 1 2.271
160.506 35.000 24.604
41 3.961 1 2.048

11024 0.015 1 0.014
154.053 35.000 30.350
14 11.321 1 6.876

229 0.474 1 0.190
97.301 46.000 42.910
9 11.435 1 5.821

14 1.552 1 1.281
21.066 35.000 13.887
11 1.943 1 1.633

104 1.920 1 0.158
197.074 46.000 34.583
72 2.764 1 0.834

15 3.853 1 0.796
51.374 35.000 33.468
8 7.217 1 0.853

52 3.430 1 2.450
172.973 35.000 24.381
23 7.837 1 0.558

133 1.340 1 0.481
165.702 46.000 40.698
13 12.999 1 9.716

44 1.826 1 0.596
78.521 46.000 18.186
33 2.419 1 1.097

42 4.168 1 1.656
157.474 45.431 10.000
9 19.238 1 3.569

69 1.901 1 1.647
130.896 35.000 11.757
69 1.920 1 0.358

135 1.425 1 1.366
181.054 35.000 21.617
15 12.687 1 3.436

100 1.677 1 0.507
156.533 35.000 10.063
14 11.674 1 4.776

70 2.368 1 0.787
163.008 46.000 41.483
47 3.539 1 0.218

42 1.803 1 1.263
66.573 46.000 30.603
7 10.416 1 4.075

6 5.092 1 1.391
24.742 46.000 36.678
4 7.201 1 3.138

48 2.596 1 1.165
123.167 35.000 22.088
48 2.606 1 0.689

39 1.274 1 0.591
42.711 42.768 10.000
6 7.566 1 4.882

124 0.799 1 0.141
60.993 45.283 49.000
2 38.224 1 22.768

1 3.021 1 1.885
Pomul ramane in livada!
1 4.906

4 4.700 1 4.461
11.008 40.128 49.000
1 12.253 1 11.008

99 0.447 1 0.026
43.832 35.000 26.481
98 0.447 1 0.446

29 2.913 1 1.202
79.474 35.000 27.848
13 6.205 1 5.016

47 1.646 1 0.846
68.942 35.000 41.154
8 9.266 1 4.080

3 2.009 1 0.260
Pomul ramane in livada!
1 6.287

30 3.057 1 0.565
88.161 35.000 29.853
22 4.114 1 1.776

52 3.646 1 0.274
182.374 46.000 38.396
25 7.492 1 2.575

57 2.707 1 0.800
151.565 40.436 49.000
43 3.534 1 3.148

19 3.107 1 2.634
33.996 35.000 18.492
2 27.671 1 6.326

1588 0.089 1 0.028
116.365 45.039 10.000
5 24.995 1 16.384

2 1.787 1 0.305
1.283 43.852 10.000
1 2.596 1 1.283

15 4.381 1 3.797
61.103 36.327 10.000
8 8.409 1 2.240

55 3.112 1 2.537
165.661 35.000 30.852
21 8.036 1 4.949

31 4.129 1 3.518
120.828 35.000 28.173
12 10.689 1 3.244

11 3.815 1 3.713
37.593 45.518 10.000
5 8.085 1 5.254

76 0.392 1 0.288
29.660 35.000 22.382
71 0.420 1 0.268

52 2.130 1 0.179
108.797 46.000 12.901
51 2.142 1 1.711

68 1.247 1 1.242
84.702 35.000 30.893
64 1.336 1 0.552

51 2.855 1 1.958
144.075 36.217 10.000
42 3.488 1 1.054

63 2.430 1 1.222
151.757 35.000 34.785
60 2.555 1 1.009

231 0.790 1 0.147
181.765 36.019 49.000
209 0.872 1 0.458

43 2.278 1 1.203
94.458 46.000 25.280
21 4.699 1 0.483

33 1.927 1 0.024
53.520 35.000 25.495
6 10.095 1 3.047

85 0.541 1 0.029
35.597 35.552 10.000
4 10.417 1 4.346

33 5.160 1 1.347
165.219 46.000 40.733
26 6.408 1 5.006
