56 0.910 1 0.216
49.988 23.848 20.000
43 1.188 1 0.095

138 1.164 1 1.006
137.175 28.575 20.000
6 24.463 1 14.860

27 6.546 1 2.039
156.452 14.000 31.569
8 22.329 1 0.147

41 4.497 1 2.306
177.689 47.000 35.512
20 8.994 1 6.803

53 2.100 1 1.351
108.451 47.000 27.351
26 4.200 1 3.451

31 2.831 1 0.188
83.450 47.000 29.204
19 4.499 1 2.477

27 4.282 1 3.502
111.459 14.000 38.357
15 7.657 1 4.254

34 4.468 1 1.467
146.279 42.807 45.000
21 7.100 1 4.285

3841 0.044 1 0.042
163.930 14.000 24.753
33 5.116 1 0.216

45 2.046 1 0.018
63.296 43.580 45.000
3 28.792 1 5.712
