35 49 46 10
100
37.660 32.265 67.294 629
37.720 30.999 26.111 299
44.678 11.924 8.096 -405
39.418 26.212 16.290 -336
44.482 21.703 79.827 -220
40.942 27.297 154.566 499
39.101 26.618 90.080 744
44.144 42.797 199.009 -8
35.123 21.654 191.398 -462
36.500 46.643 189.353 -917
45.010 27.215 22.509 -381
44.084 48.784 23.136 -408
43.350 21.409 23.656 -766
37.309 10.005 71.911 417
44.558 36.813 60.503 471
42.544 32.943 12.915 -812
35.639 40.496 102.954 -818
38.990 15.710 74.160 795
37.448 33.755 193.403 7
36.881 32.976 19.763 -481
36.920 21.824 158.931 830
42.219 17.658 165.485 163
37.432 27.537 148.297 -249
38.258 40.724 111.618 -835
40.275 45.867 11.837 600
37.978 25.691 66.083 -181
40.142 11.210 102.803 388
38.152 43.877 148.156 89
43.912 24.742 55.572 -654
44.900 29.523 97.750 -776
39.585 23.929 34.165 -467
43.730 38.736 157.506 525
43.831 43.268 17.887 400
38.007 19.233 33.795 -79
43.356 23.028 21.711 766
37.428 24.211 80.360 409
37.909 12.967 143.528 -856
42.362 15.188 108.661 765
41.314 28.588 36.666 662
39.696 13.708 198.648 -917
42.274 25.032 44.662 -793
44.103 40.136 5.114 215
38.184 22.463 5.116 330
36.364 20.391 13.440 -230
45.702 42.720 157.168 -692
45.881 31.320 117.492 955
40.000 35.571 66.903 -446
37.650 48.600 171.247 -228
39.730 18.983 94.387 -674
43.368 46.988 17.499 -990
39.220 25.415 181.660 268
43.281 25.429 105.775 -98
44.158 48.044 81.782 -874
39.519 15.243 12.320 97
45.567 26.060 69.972 -394
38.956 24.397 164.467 -183
45.985 27.611 165.374 -194
35.474 38.442 108.736 383
36.552 15.057 23.009 217
44.080 36.571 199.838 674
42.147 32.464 58.591 -548
42.570 22.353 180.810 885
36.340 32.000 178.701 762
44.174 19.773 80.940 -41
39.168 28.190 176.712 649
36.901 12.024 132.816 908
44.575 13.294 193.741 499
44.323 17.088 168.207 577
43.632 44.113 166.547 312
36.803 35.493 76.989 -748
40.908 41.770 31.943 675
37.596 21.861 125.773 895
44.726 17.308 50.277 615
43.949 10.799 99.217 808
42.979 38.773 4.906 -965
39.700 36.754 23.261 808
35.447 26.465 44.279 898
37.913 33.327 85.679 -118
41.886 47.354 78.208 -498
43.991 23.535 6.287 -486
38.057 32.606 92.275 222
38.646 36.967 189.866 11
42.707 46.293 155.099 -590
38.851 45.893 61.667 -98
45.911 34.980 141.360 -92
44.213 12.571 3.879 262
41.619 16.535 69.512 231
42.888 32.385 173.697 -529
41.871 36.362 131.517 230
38.815 14.521 45.678 686
35.392 22.532 30.080 201
43.870 12.677 110.939 6
36.247 30.414 86.038 -561
37.855 13.080 147.563 -478
37.430 33.995 154.312 -198
36.387 48.210 182.637 835
43.722 21.170 99.157 -659
44.073 21.070 63.615 -566
45.459 13.219 46.014 558
40.395 43.840 171.627 -749
