25 2.660 1 0.794

9 2.720 1 1.631

6 1.322 1 0.164

3 4.418 1 3.036

52 1.518 1 0.891

30 5.058 1 2.826

21 4.101 1 3.959

107 1.856 1 0.417

1556 0.123 1 0.010

126 1.500 1 0.353

22 0.990 1 0.729

107 0.216 1 0.024

8 2.650 1 2.456

14382 0.005 1 0.001

41 1.442 1 1.381

3 3.456 1 2.547

161 0.639 1 0.075

18 3.990 1 2.340

79 2.448 1 0.011

10 1.881 1 0.953

82 1.920 1 1.491

43 3.781 1 2.902

60 2.432 1 2.377

34 3.258 1 0.846

3 3.133 1 2.438

22 2.978 1 0.567

84 1.210 1 1.163

47 3.152 1 0.012

26 2.088 1 1.284

88 1.100 1 0.950

7 4.585 1 2.070

69 2.270 1 0.876

8 2.169 1 0.535

11 3.007 1 0.718

8 2.644 1 0.559

33 2.428 1 0.236

49 2.909 1 0.987

29 3.638 1 3.159

7 4.686 1 3.864

53 3.708 1 2.124

11 3.726 1 3.676

2 1.897 1 1.320

1 3.184 1 1.932

9 1.364 1 1.164

527 0.298 1 0.122

987 0.119 1 0.039

13 5.000 1 1.903

428 0.400 1 0.047

19 4.730 1 4.517

8 2.012 1 1.403

43 4.220 1 0.200

38 2.719 1 2.453

85 0.956 1 0.522

2 4.519 1 3.282

161 0.433 1 0.259

41 3.956 1 2.271

11024 0.015 1 0.014

229 0.474 1 0.190

14 1.552 1 1.281

104 1.920 1 0.158

15 3.853 1 0.796

52 3.430 1 2.450

133 1.340 1 0.481

44 1.826 1 0.596

42 4.168 1 1.656

69 1.901 1 1.647

135 1.425 1 1.366

100 1.677 1 0.507

70 2.368 1 0.787

42 1.803 1 1.263

6 5.092 1 1.391

48 2.596 1 1.165

39 1.274 1 0.591

124 0.799 1 0.141

1 3.021 1 1.885

4 4.700 1 4.461

99 0.447 1 0.026

29 2.913 1 1.202

47 1.646 1 0.846

3 2.009 1 0.260

30 3.057 1 0.565

52 3.646 1 0.274

57 2.707 1 0.800

19 3.107 1 2.634

1588 0.089 1 0.028

2 1.787 1 0.305

15 4.381 1 3.797

55 3.112 1 2.537

31 4.129 1 3.518

11 3.815 1 3.713

76 0.392 1 0.288

52 2.130 1 0.179

68 1.247 1 1.242

51 2.855 1 1.958

63 2.430 1 1.222

231 0.790 1 0.147

43 2.278 1 1.203

33 1.927 1 0.024

85 0.541 1 0.029

33 5.160 1 1.347
